n = 8 integral (0.0,1.0) sin(x) dx = 0.4596976941318575
error =2.7200464103316335E-15
n = 16 integral (0.0,1.0) sin(x) dx = 0.45969769413185774
error =2.4980018054066022E-15
-cos(1.0)+cos(0.0) = 0.45969769413186023
