n = 16, computed area=0.45954804321221476, actual=0.45969769413186023, error=1.4965091964547206E-4
n = 32, computed area=0.4596602832288359, actual=0.45969769413186023, error=3.741090302433747E-5
n = 64, computed area=0.45968834152027455, actual=0.45969769413186023, error=9.352611585689008E-6
n = 128, computed area=0.4596953559860996, actual=0.45969769413186023, error=2.338145760616417E-6
